#EEP   M/Mo  LogTeff   LogG  LogL/Lo     u       g       r       i       z  
  11  0.100960  3.4779  5.2449 -2.9378 18.3050 15.6040 14.0725 12.5520 11.7160
  12  0.119952  3.4814  5.1824 -2.7863 17.8010 15.1534 13.6414 12.1518 11.3347
  13  0.142711  3.4853  5.1215 -2.6345 17.2959 14.6993 13.2082 11.7508 10.9523
  14  0.167896  3.4904  5.0738 -2.4960 16.8144 14.2638 12.7968 11.3773 10.6009
  15  0.189978  3.4950  5.0415 -2.3915 16.4418 13.9250 12.4794 11.0923 10.3346
  16  0.207839  3.4982  5.0172 -2.3154 16.1770 13.6831 12.2530 10.8876 10.1417
  17  0.223884  3.5007  4.9970 -2.2528 15.9629 13.4867 12.0691 10.7202  9.9832
  18  0.239375  3.5030  4.9790 -2.1967 15.7748 13.3130 11.9067 10.5705  9.8412
  19  0.255650  3.5053  4.9618 -2.1418 15.5916 13.1435 11.7485 10.4242  9.7024
  20  0.276325  3.5080  4.9416 -2.0769 15.3767 12.9443 11.5631 10.2524  9.5394
  21  0.294594  3.5103  4.9260 -2.0241 15.2007 12.7808 11.4115 10.1118  9.4065
  22  0.305219  3.5116  4.9192 -1.9969 15.1109 12.6967 11.3337 10.0395  9.3382
  23  0.312119  3.5124  4.9148 -1.9796 15.0539 12.6434 11.2843  9.9936  9.2948
  24  0.316926  3.5129  4.9105 -1.9666 15.0118 12.6041 11.2479  9.9593  9.2622
  25  0.320461  3.5133  4.9065 -1.9562 14.9785 12.5733 11.2193  9.9322  9.2362
  26  0.322429  3.5132  4.9076 -1.9550 14.9771 12.5713 11.2168  9.9294  9.2331
  27  0.324207  3.5138  4.9098 -1.9523 14.9610 12.5559 11.2038  9.9197  9.2258
  28  0.326111  3.5140  4.9058 -1.9450 14.9388 12.5356 11.1849  9.9012  9.2077
  29  0.328312  3.5143  4.9017 -1.9370 14.9142 12.5131 11.1639  9.8809  9.1880
  30  0.329864  3.5145  4.9056 -1.9377 14.9128 12.5110 11.1624  9.8811  9.1894
  31  0.332931  3.5149  4.9014 -1.9282 14.8829 12.4833 11.1368  9.8566  9.1657
  32  0.337316  3.5154  4.8999 -1.9191 14.8522 12.4543 11.1101  9.8320  9.1428
  33  0.345730  3.5163  4.8946 -1.8995 14.7882 12.3942 11.0547  9.7800  9.0936
  34  0.484077  3.5406  4.7758 -1.5374 13.5771 11.2457 10.0285  8.8096  8.1943
  35  0.507590  3.5467  4.7549 -1.4711 13.3619 11.0305  9.8402  8.6289  8.0317
  36  0.530347  3.5538  4.7358 -1.4048 13.1490 10.8093  9.6456  8.4465  7.8704
  37  0.551358  3.5611  4.7191 -1.3417 12.9480 10.5887  9.4467  8.2720  7.7183
  38  0.570849  3.5686  4.7041 -1.2817 12.7580 10.3688  9.2424  8.1048  7.5751
  39  0.589277  3.5762  4.6904 -1.2240 12.5747 10.1464  9.0298  7.9407  7.4380
  40  0.605903  3.5834  4.6784 -1.1711 12.4015  9.9273  8.8132  7.7834  7.3116
  41  0.621129  3.5903  4.6678 -1.1222 12.2347  9.7101  8.5924  7.6309  7.1938
  42  0.635073  3.5968  4.6582 -1.0770 12.0759  9.5015  8.3772  7.4865  7.0850
  43  0.648354  3.6031  4.6493 -1.0338 11.9194  9.2972  8.1644  7.3461  6.9816
  44  0.661234  3.6093  4.6410 -0.9920 11.7635  9.0986  7.9565  7.2094  6.8828
  45  0.673082  3.6151  4.6333 -0.9535 11.6145  8.9143  7.7643  7.0828  6.7921
  46  0.684035  3.6206  4.6265 -0.9178 11.4711  8.7426  7.5872  6.9655  6.7084
  47  0.694269  3.6257  4.6200 -0.8845 11.3338  8.5854  7.4291  6.8580  6.6303
  48  0.703993  3.6305  4.6139 -0.8529 11.1990  8.4380  7.2853  6.7575  6.5561
  49  0.713219  3.6352  4.6082 -0.8230 11.0671  8.2999  7.1539  6.6636  6.4858
  50  0.721941  3.6396  4.6028 -0.7948 10.9384  8.1708  7.0340  6.5761  6.4192
  51  0.730188  3.6437  4.5977 -0.7682 10.8128  8.0502  6.9247  6.4947  6.3562
  52  0.736391  3.6468  4.5938 -0.7483 10.7146  7.9604  6.8456  6.4343  6.3084
  53  0.742516  3.6498  4.5900 -0.7286 10.6158  7.8726  6.7697  6.3755  6.2612
  54  0.748561  3.6529  4.5863 -0.7093 10.5154  7.7861  6.6964  6.3179  6.2144
  55  0.754484  3.6557  4.5824 -0.6904 10.4169  7.7033  6.6272  6.2626  6.1688
  56  0.760216  3.6587  4.5789 -0.6719 10.3165  7.6214  6.5601  6.2085  6.1239
  57  0.765795  3.6615  4.5752 -0.6539 10.2182  7.5430  6.4966  6.1567  6.0802
  58  0.771262  3.6643  4.5718 -0.6361 10.1179  7.4652  6.4349  6.1058  6.0369
  59  0.776653  3.6670  4.5682 -0.6186 10.0192  7.3904  6.3760  6.0567  5.9944
  60  0.782004  3.6698  4.5648 -0.6012  9.9186  7.3157  6.3181  6.0081  5.9520
  61  0.787349  3.6724  4.5610 -0.5839  9.8195  7.2431  6.2623  5.9606  5.9101
  62  0.792717  3.6751  4.5574 -0.5666  9.7181  7.1703  6.2068  5.9130  5.8679
  63  0.798127  3.6777  4.5533 -0.5492  9.6186  7.0993  6.1527  5.8661  5.8258
  64  0.803602  3.6803  4.5491 -0.5316  9.5165  7.0276  6.0984  5.8189  5.7831
  65  0.809128  3.6828  4.5446 -0.5140  9.4159  6.9572  6.0449  5.7719  5.7405
  66  0.814677  3.6854  4.5402 -0.4962  9.3130  6.8859  5.9908  5.7245  5.6975
  67  0.820206  3.6879  4.5354 -0.4785  9.2127  6.8166  5.9380  5.6777  5.6548
  68  0.825690  3.6904  4.5306 -0.4607  9.1116  6.7474  5.8854  5.6311  5.6121
  69  0.831092  3.6928  4.5256 -0.4432  9.0141  6.6804  5.8342  5.5855  5.5701
  70  0.836395  3.6952  4.5206 -0.4259  8.9175  6.6144  5.7838  5.5404  5.5286
  71  0.841576  3.6975  4.5155 -0.4089  8.8250  6.5508  5.7350  5.4965  5.4881
  72  0.846591  3.6998  4.5104 -0.3924  8.7362  6.4895  5.6875  5.4539  5.4486
  73  0.851461  3.7019  4.5053 -0.3763  8.6526  6.4307  5.6416  5.4125  5.4103
  74  0.856199  3.7039  4.5002 -0.3606  8.5720  6.3740  5.5970  5.3723  5.3730
  75  0.860820  3.7059  4.4950 -0.3452  8.4945  6.3192  5.5537  5.3331  5.3367
  76  0.865334  3.7078  4.4899 -0.3302  8.4194  6.2661  5.5116  5.2949  5.3011
  77  0.869750  3.7096  4.4847 -0.3155  8.3471  6.2148  5.4707  5.2576  5.2664
  78  0.874063  3.7114  4.4795 -0.3011  8.2769  6.1649  5.4307  5.2213  5.2324
  79  0.878290  3.7131  4.4743 -0.2870  8.2088  6.1164  5.3918  5.1857  5.1992
  80  0.882435  3.7147  4.4690 -0.2731  8.1429  6.0694  5.3538  5.1509  5.1666
  81  0.886499  3.7163  4.4636 -0.2595  8.0788  6.0236  5.3166  5.1167  5.1346
  82  0.890078  3.7176  4.4588 -0.2475  8.0225  5.9835  5.2839  5.0867  5.1063
  83  0.893591  3.7190  4.4540 -0.2357  7.9676  5.9443  5.2519  5.0572  5.0786
  84  0.897037  3.7202  4.4491 -0.2241  7.9141  5.9060  5.2205  5.0283  5.0513
  85  0.900414  3.7215  4.4443 -0.2126  7.8619  5.8686  5.1898  4.9999  5.0245
  86  0.903713  3.7226  4.4394 -0.2014  7.8114  5.8323  5.1597  4.9720  4.9982
  87  0.906942  3.7238  4.4345 -0.1904  7.7624  5.7969  5.1303  4.9448  4.9724
  88  0.910101  3.7249  4.4296 -0.1796  7.7147  5.7623  5.1016  4.9181  4.9471
  89  0.913192  3.7259  4.4247 -0.1690  7.6686  5.7287  5.0734  4.8919  4.9222
  90  0.916223  3.7269  4.4198 -0.1586  7.6237  5.6959  5.0459  4.8662  4.8979
  91  0.919190  3.7279  4.4149 -0.1484  7.5800  5.6639  5.0189  4.8410  4.8739
  92  0.922102  3.7289  4.4099 -0.1384  7.5376  5.6326  4.9924  4.8163  4.8503
  93  0.924959  3.7298  4.4050 -0.1285  7.4964  5.6021  4.9665  4.7920  4.8271
  94  0.927767  3.7306  4.4001 -0.1188  7.4563  5.5723  4.9410  4.7681  4.8043
  95  0.930526  3.7315  4.3952 -0.1093  7.4172  5.5430  4.9160  4.7446  4.7819
  96  0.933239  3.7323  4.3903 -0.0999  7.3790  5.5144  4.8915  4.7215  4.7598
  97  0.935915  3.7330  4.3854 -0.0907  7.3420  5.4865  4.8674  4.6987  4.7380
  98  0.938551  3.7338  4.3804 -0.0815  7.3059  5.4591  4.8436  4.6763  4.7165
  99  0.941159  3.7345  4.3755 -0.0726  7.2707  5.4322  4.8203  4.6543  4.6954
 100  0.943738  3.7352  4.3705 -0.0637  7.2365  5.4060  4.7974  4.6325  4.6745
 101  0.946300  3.7358  4.3656 -0.0550  7.2033  5.3802  4.7748  4.6111  4.6538
 102  0.948848  3.7364  4.3606 -0.0464  7.1708  5.3550  4.7526  4.5900  4.6335
 103  0.951388  3.7370  4.3556 -0.0379  7.1394  5.3302  4.7307  4.5691  4.6133
 104  0.953921  3.7376  4.3506 -0.0295  7.1085  5.3059  4.7091  4.5485  4.5934
 105  0.956456  3.7381  4.3455 -0.0213  7.0789  5.2822  4.6879  4.5282  4.5737
 106  0.958972  3.7385  4.3404 -0.0131  7.0501  5.2590  4.6670  4.5081  4.5542
 107  0.961456  3.7390  4.3353 -0.0051  7.0222  5.2362  4.6465  4.4884  4.5350
 108  0.963868  3.7394  4.3302  0.0028  6.9950  5.2140  4.6263  4.4689  4.5161
 109  0.966160  3.7398  4.3251  0.0106  6.9682  5.1921  4.6065  4.4499  4.4975
 110  0.968362  3.7402  4.3202  0.0182  6.9420  5.1707  4.5871  4.4312  4.4793
 111  0.970477  3.7406  4.3152  0.0256  6.9165  5.1497  4.5680  4.4128  4.4614
 112  0.971980  3.7409  4.3116  0.0310  6.8983  5.1346  4.5543  4.3996  4.4485
 113  0.973480  3.7412  4.3079  0.0365  6.8800  5.1194  4.5404  4.3861  4.4354
 114  0.974979  3.7414  4.3041  0.0420  6.8616  5.1041  4.5264  4.3726  4.4221
 115  0.976477  3.7417  4.3002  0.0475  6.8433  5.0887  4.5122  4.3589  4.4087
 116  0.977975  3.7419  4.2963  0.0532  6.8248  5.0732  4.4980  4.3451  4.3952
 117  0.979474  3.7422  4.2923  0.0588  6.8063  5.0576  4.4836  4.3311  4.3816
 118  0.980973  3.7424  4.2882  0.0645  6.7879  5.0419  4.4691  4.3171  4.3678
 119  0.982473  3.7427  4.2841  0.0703  6.7695  5.0262  4.4546  4.3029  4.3539
 120  0.983974  3.7429  4.2798  0.0760  6.7511  5.0105  4.4399  4.2887  4.3399
 121  0.985471  3.7431  4.2755  0.0819  6.7328  4.9947  4.4252  4.2743  4.3258
 122  0.986924  3.7434  4.2713  0.0878  6.7135  4.9783  4.4101  4.2597  4.3115
 123  0.988388  3.7436  4.2670  0.0938  6.6942  4.9619  4.3950  4.2450  4.2971
 124  0.989862  3.7439  4.2626  0.0997  6.6752  4.9456  4.3799  4.2303  4.2826
 125  0.991344  3.7441  4.2582  0.1057  6.6562  4.9293  4.3647  4.2155  4.2681
 126  0.992834  3.7443  4.2536  0.1117  6.6375  4.9131  4.3495  4.2007  4.2536
 127  0.994327  3.7445  4.2491  0.1178  6.6190  4.8968  4.3343  4.1858  4.2389
 128  0.995822  3.7447  4.2444  0.1238  6.6005  4.8806  4.3190  4.1708  4.2241
 129  0.997325  3.7448  4.2396  0.1299  6.5826  4.8645  4.3036  4.1558  4.2093
 130  0.998828  3.7450  4.2348  0.1360  6.5647  4.8483  4.2883  4.1406  4.1943
 131  1.000331  3.7451  4.2298  0.1422  6.5469  4.8322  4.2729  4.1255  4.1793
 132  1.001826  3.7452  4.2248  0.1483  6.5296  4.8162  4.2575  4.1103  4.1642
 133  1.003308  3.7453  4.2197  0.1544  6.5125  4.8003  4.2421  4.0951  4.1491
 134  1.004784  3.7454  4.2145  0.1605  6.4956  4.7845  4.2268  4.0799  4.1340
 135  1.006250  3.7455  4.2093  0.1667  6.4791  4.7688  4.2114  4.0646  4.1188
 136  1.007711  3.7455  4.2040  0.1728  6.4628  4.7531  4.1961  4.0493  4.1035
 137  1.009168  3.7456  4.1986  0.1790  6.4466  4.7374  4.1807  4.0340  4.0882
 138  1.010624  3.7456  4.1930  0.1852  6.4309  4.7219  4.1652  4.0185  4.0727
 139  1.012079  3.7455  4.1873  0.1914  6.4154  4.7063  4.1498  4.0030  4.0572
 140  1.013532  3.7455  4.1816  0.1976  6.3999  4.6907  4.1342  3.9874  4.0415
 141  1.014989  3.7455  4.1757  0.2039  6.3849  4.6753  4.1186  3.9717  4.0257
 142  1.016450  3.7454  4.1697  0.2102  6.3704  4.6599  4.1029  3.9559  4.0097
 143  1.017912  3.7453  4.1635  0.2166  6.3560  4.6445  4.0872  3.9399  3.9936
 144  1.019380  3.7451  4.1571  0.2230  6.3424  4.6293  4.0714  3.9238  3.9773
 145  1.020852  3.7449  4.1505  0.2294  6.3291  4.6142  4.0555  3.9076  3.9609
 146  1.022332  3.7447  4.1438  0.2359  6.3164  4.5992  4.0396  3.8913  3.9442
 147  1.023818  3.7444  4.1368  0.2424  6.3041  4.5842  4.0236  3.8749  3.9274
 148  1.025313  3.7441  4.1295  0.2490  6.2932  4.5697  4.0076  3.8583  3.9104
 149  1.026816  3.7437  4.1221  0.2556  6.2825  4.5552  3.9916  3.8415  3.8932
 150  1.028331  3.7432  4.1142  0.2622  6.2733  4.5412  3.9756  3.8247  3.8757
 151  1.029857  3.7427  4.1060  0.2688  6.2656  4.5276  3.9596  3.8077  3.8580
 152  1.031401  3.7420  4.0974  0.2755  6.2591  4.5145  3.9437  3.7906  3.8401
 153  1.032966  3.7413  4.0885  0.2822  6.2544  4.5019  3.9278  3.7734  3.8219
 154  1.034558  3.7404  4.0789  0.2888  6.2522  4.4902  3.9122  3.7562  3.8035
 155  1.036185  3.7394  4.0687  0.2955  6.2527  4.4795  3.8968  3.7389  3.7849
 156  1.037861  3.7381  4.0577  0.3021  6.2573  4.4704  3.8819  3.7216  3.7660
 157  1.039607  3.7365  4.0456  0.3085  6.2679  4.4636  3.8678  3.7046  3.7469
 158  1.041447  3.7344  4.0319  0.3147  6.2877  4.4607  3.8553  3.6882  3.7278
 159  1.043389  3.7316  4.0162  0.3200  6.3222  4.4643  3.8458  3.6736  3.7096
 160  1.045320  3.7280  3.9990  0.3235  6.3766  4.4778  3.8425  3.6635  3.6949
 161  1.046968  3.7239  3.9824  0.3246  6.4463  4.5012  3.8465  3.6599  3.6860
 162  1.048244  3.7200  3.9690  0.3229  6.5218  4.5313  3.8578  3.6637  3.6847
 163  1.049510  3.7153  3.9528  0.3209  6.6148  4.5687  3.8719  3.6688  3.6834
 164  1.050768  3.7098  3.9336  0.3186  6.7269  4.6144  3.8894  3.6754  3.6825
 165  1.052029  3.7038  3.9102  0.3182  6.8484  4.6618  3.9048  3.6784  3.6769
 166  1.053277  3.6978  3.8820  0.3230  6.9585  4.6981  3.9090  3.6700  3.6596
 167  1.054433  3.6928  3.8510  0.3345  7.0333  4.7110  3.8944  3.6448  3.6270
 168  1.055449  3.6892  3.8206  0.3508  7.0699  4.7020  3.8652  3.6075  3.5840
 169  1.056350  3.6865  3.7916  0.3697  7.0789  4.6780  3.8266  3.5629  3.5353
 170  1.057169  3.6846  3.7640  0.3899  7.0704  4.6447  3.7827  3.5145  3.4836
 171  1.057932  3.6831  3.7374  0.4110  7.0502  4.6055  3.7354  3.4637  3.4303
 172  1.058655  3.6820  3.7116  0.4324  7.0222  4.5622  3.6860  3.4114  3.3760
 173  1.059349  3.6810  3.6864  0.4542  6.9889  4.5163  3.6352  3.3583  3.3212
 174  1.060019  3.6802  3.6615  0.4761  6.9522  4.4685  3.5832  3.3044  3.2660
 175  1.060670  3.6796  3.6369  0.4982  6.9127  4.4193  3.5306  3.2501  3.2105
 176  1.061309  3.6790  3.6128  0.5204  6.8705  4.3690  3.4774  3.1955  3.1549
 177  1.061936  3.6785  3.5888  0.5426  6.8271  4.3179  3.4239  3.1407  3.0993
 178  1.062549  3.6780  3.5649  0.5648  6.7830  4.2665  3.3702  3.0857  3.0434
 179  1.063152  3.6776  3.5412  0.5871  6.7371  4.2143  3.3161  3.0306  2.9875
 180  1.063738  3.6772  3.5173  0.6095  6.6913  4.1618  3.2617  2.9751  2.9313
 181  1.064310  3.6767  3.4932  0.6321  6.6454  4.1091  3.2071  2.9193  2.8747
 182  1.064645  3.6764  3.4786  0.6457  6.6183  4.0776  3.1741  2.8856  2.8405
 183  1.064980  3.6761  3.4635  0.6597  6.5911  4.0454  3.1405  2.8511  2.8055
 184  1.065315  3.6758  3.4484  0.6738  6.5629  4.0127  3.1064  2.8163  2.7702
 185  1.065650  3.6755  3.4331  0.6880  6.5346  3.9797  3.0720  2.7812  2.7345
 186  1.065983  3.6752  3.4170  0.7029  6.5057  3.9456  3.0362  2.7444  2.6972
 187  1.066313  3.6748  3.3997  0.7188  6.4752  3.9091  2.9980  2.7052  2.6573
 188  1.066638  3.6744  3.3813  0.7357  6.4424  3.8702  2.9571  2.6633  2.6147
 189  1.066957  3.6740  3.3616  0.7537  6.4087  3.8294  2.9140  2.6190  2.5696
 190  1.067271  3.6735  3.3406  0.7730  6.3725  3.7856  2.8678  2.5716  2.5213
 191  1.067580  3.6729  3.3185  0.7930  6.3359  3.7405  2.8200  2.5223  2.4710
 192  1.067882  3.6723  3.2951  0.8142  6.2981  3.6931  2.7695  2.4702  2.4179
 193  1.068177  3.6717  3.2704  0.8364  6.2587  3.6436  2.7167  2.4157  2.3621
 194  1.068468  3.6710  3.2451  0.8591  6.2186  3.5929  2.6625  2.3597  2.3050
 195  1.068752  3.6703  3.2184  0.8829  6.1779  3.5405  2.6063  2.3014  2.2453
 196  1.069030  3.6695  3.1907  0.9075  6.1368  3.4867  2.5482  2.2412  2.1836
 197  1.069298  3.6686  3.1617  0.9331  6.0949  3.4311  2.4880  2.1785  2.1193
 198  1.069561  3.6677  3.1318  0.9594  6.0528  3.3744  2.4263  2.1143  2.0533
 199  1.069815  3.6667  3.1008  0.9865  6.0104  3.3163  2.3630  2.0482  1.9853
 200  1.070063  3.6656  3.0690  1.0143  5.9679  3.2573  2.2984  1.9806  1.9156
 201  1.070300  3.6645  3.0359  1.0430  5.9249  3.1967  2.2317  1.9108  1.8437
 202  1.070530  3.6633  3.0020  1.0723  5.8822  3.1353  2.1640  1.8396  1.7701
 203  1.070752  3.6621  2.9670  1.1022  5.8404  3.0734  2.0952  1.7672  1.6951
 204  1.070965  3.6607  2.9311  1.1328  5.7990  3.0106  2.0249  1.6932  1.6183
 205  1.071169  3.6593  2.8943  1.1640  5.7581  2.9471  1.9538  1.6179  1.5401
 206  1.071365  3.6578  2.8568  1.1958  5.7176  2.8833  1.8818  1.5416  1.4607
 207  1.071552  3.6563  2.8184  1.2280  5.6777  2.8190  1.8090  1.4642  1.3799
 208  1.071732  3.6547  2.7794  1.2607  5.6386  2.7545  1.7358  1.3859  1.2981
 209  1.071904  3.6530  2.7397  1.2938  5.6000  2.6899  1.6621  1.3069  1.2153
 210  1.072070  3.6513  2.6996  1.3272  5.5622  2.6255  1.5884  1.2276  1.1318
 211  1.072231  3.6496  2.6590  1.3608  5.5250  2.5613  1.5148  1.1479  1.0478
 212  1.072391  3.6478  2.6182  1.3946  5.4889  2.4978  1.4415  1.0682  0.9635
 213  1.072592  3.6459  2.5781  1.4275  5.4553  2.4369  1.3709  0.9908  0.8814
 214  1.072805  3.6464  2.5759  1.4314  5.4365  2.4220  1.3583  0.9798  0.8715
 215  1.072986  3.6486  2.6270  1.3894  5.4808  2.5006  1.4490  1.0788  0.9764
 216  1.073116  3.6489  2.6243  1.3932  5.4656  2.4879  1.4377  1.0684  0.9668
 217  1.073148  3.6489  2.6214  1.3960  5.4599  2.4812  1.4309  1.0615  0.9597
 218  1.073179  3.6486  2.6143  1.4020  5.4527  2.4696  1.4178  1.0474  0.9449
 219  1.073207  3.6482  2.6059  1.4089  5.4454  2.4566  1.4028  1.0310  0.9277
 220  1.073233  3.6478  2.5970  1.4161  5.4388  2.4436  1.3875  1.0142  0.9097
 221  1.073259  3.6473  2.5880  1.4233  5.4328  2.4309  1.3723  0.9973  0.8916
 222  1.073285  3.6469  2.5790  1.4305  5.4267  2.4181  1.3571  0.9805  0.8736
 223  1.073310  3.6464  2.5703  1.4376  5.4201  2.4054  1.3421  0.9640  0.8560
 224  1.073336  3.6461  2.5617  1.4446  5.4131  2.3925  1.3272  0.9476  0.8385
 225  1.073361  3.6457  2.5533  1.4515  5.4063  2.3799  1.3125  0.9314  0.8214
 226  1.073387  3.6453  2.5449  1.4584  5.3994  2.3673  1.2978  0.9153  0.8042
 227  1.073619  3.6415  2.4649  1.5234  5.3359  2.2499  1.1608  0.7637  0.6419
 228  1.073819  3.6377  2.3874  1.5858  5.2772  2.1403  1.0322  0.6199  0.4865
 229  1.073993  3.6340  2.3122  1.6460  5.2227  2.0375  0.9111  0.4825  0.3370
 230  1.074146  3.6302  2.2376  1.7055  5.1705  1.9387  0.7946  0.3481  0.1897
 231  1.074278  3.6264  2.1650  1.7629  5.1213  1.8461  0.6853  0.2196  0.0475
 232  1.074396  3.6226  2.0931  1.8197  5.0730  1.7572  0.5805  0.0938 -0.0929
 233  1.074499  3.6187  2.0226  1.8749  5.0249  1.6728  0.4808 -0.0281 -0.2303
 234  1.074590  3.6149  1.9531  1.9290  4.9785  1.5941  0.3882 -0.1456 -0.3650
 235  1.074669  3.6110  1.8859  1.9809  4.9341  1.5225  0.3046 -0.2566 -0.4940
 236  1.074741  3.6072  1.8188  2.0325  4.8900  1.4557  0.2275 -0.3645 -0.6214
 237  1.074805  3.6033  1.7525  2.0832  4.8465  1.3944  0.1580 -0.4684 -0.7460
 238  1.074862  3.5994  1.6878  2.1326  4.8034  1.3373  0.0964 -0.5681 -0.8676
 239  1.074913  3.5956  1.6243  2.1808  4.7607  1.2854  0.0423 -0.6639 -0.9863
 240  1.074958  3.5918  1.5622  2.2278  4.7187  1.2400 -0.0037 -0.7549 -1.1013
 241  1.074999  3.5881  1.5013  2.2738  4.6774  1.2015 -0.0412 -0.8410 -1.2126
 242  1.075036  3.5843  1.4410  2.3190  4.6373  1.1708 -0.0694 -0.9225 -1.3209
 243  1.075069  3.5806  1.3826  2.3627  4.5987  1.1481 -0.0878 -0.9978 -1.4239
 244  1.075099  3.5770  1.3251  2.4056  4.5623  1.1333 -0.0919 -1.0694 -1.5255
 245  1.075126  3.5734  1.2686  2.4476  4.5276  1.1259 -0.0852 -1.1362 -1.6238
 246  1.075151  3.5698  1.2134  2.4886  4.4940  1.1261 -0.0698 -1.1973 -1.7175
 247  1.075173  3.5663  1.1592  2.5287  4.4616  1.1345 -0.0456 -1.2524 -1.8065
 248  1.075194  3.5628  1.1060  2.5679  4.4298  1.1510 -0.0130 -1.3015 -1.8907
 249  1.075213  3.5594  1.0544  2.6059  4.3996  1.1772  0.0289 -1.3434 -1.9686
 250  1.075230  3.5560  1.0036  2.6430  4.3703  1.2160  0.0831 -1.3768 -2.0400
 251  1.075246  3.5525  0.9534  2.6795  4.3423  1.2898  0.1736 -1.3901 -2.0983
 252  1.075261  3.5491  0.9044  2.7148  4.3155  1.3723  0.2734 -1.3981 -2.1514
 253  1.075274  3.5457  0.8563  2.7495  4.2889  1.4600  0.3781 -1.4028 -2.2006
 254  1.075287  3.5424  0.8091  2.7833  4.2631  1.5519  0.4858 -1.4041 -2.2458
 255  1.075299  3.5391  0.7628  2.8163  4.2384  1.6469  0.5945 -1.4020 -2.2868
 256  1.075309  3.5358  0.7175  2.8485  4.2147  1.7425  0.7003 -1.3968 -2.3237
 257  1.075319  3.5325  0.6732  2.8799  4.1924  1.8387  0.8022 -1.3879 -2.3562
 258  1.075329  3.5293  0.6298  2.9105  4.1715  1.9322  0.8804 -1.3665 -2.3764
 259  1.075337  3.5262  0.5874  2.9403  4.1542  2.0264  0.9468 -1.3346 -2.3879
 260  1.075345  3.5230  0.5456  2.9695  4.1386  2.1222  1.0086 -1.2953 -2.3939
 261  1.075353  3.5199  0.5046  2.9980  4.1246  2.2177  1.0650 -1.2508 -2.3955
 262  1.075360  3.5169  0.4646  3.0258  3.9377  2.2175  1.0481 -1.2392 -2.4112
 263  1.075367  3.5139  0.4253  3.0530  3.9288  2.3105  1.0995 -1.1895 -2.4080
 264  1.075373  3.5109  0.3869  3.0796  3.9460  2.4102  1.1491 -1.1366 -2.4017
 265  1.075379  3.5080  0.3493  3.1054  3.9921  2.5174  1.1988 -1.0822 -2.3933
 266  1.075385  3.5051  0.3123  3.1308  4.0712  2.6336  1.2507 -1.0285 -2.3842
 267  1.075390  3.5021  0.2757  3.1555  4.2172  2.7617  1.3160 -1.0092 -2.3887
 268  1.075395  3.4991  0.2398  3.1797  4.3558  2.8774  1.3708 -1.0012 -2.3973
 269  1.075400  3.4963  0.2049  3.2033  4.4727  2.9726  1.4100 -1.0065 -2.4118
 270  1.075404  3.4935  0.1706  3.2264  4.5653  3.0484  1.4345 -1.0238 -2.4313
 271  1.075408  3.4908  0.1371  3.2488  4.6244  3.1002  1.4413 -1.0538 -2.4564
 272  1.075412  3.4880  0.1040  3.2709  4.6432  3.1252  1.4283 -1.0974 -2.4878
 273  1.075416  3.4853  0.0716  3.2924  4.6130  3.1186  1.3925 -1.1550 -2.5259
 274  1.075420  3.4826  0.0399  3.3133  4.5265  3.0769  1.3315 -1.2271 -2.5715
 275  1.075423  3.4798  0.0085  3.3338  4.3745  2.9954  1.2418 -1.3149 -2.6252
 276  1.075427  3.4772 -0.0220  3.3538  4.1513  2.8712  1.1220 -1.4173 -2.6873
 277  1.075430  3.4746 -0.0519  3.3731  4.1828  2.8764  1.0882 -1.3498 -2.6842
 278  1.075433  3.4720 -0.0804  3.3915  4.2079  2.8762  1.0519 -1.2728 -2.6779
 279  1.075546  3.4699 -0.1047  3.4071  4.2192  2.8689  1.0162 -1.2024 -2.6717