#EEP   M/Mo  LogTeff   LogG  LogL/Lo     u       g       r       i       z  
  12  0.102991  3.5331  5.3708 -2.8341 17.7070 14.3708 12.6440 11.8082 11.4239
  13  0.113917  3.5388  5.3184 -2.7152 17.1803 13.9762 12.2859 11.4990 11.1364
  14  0.126375  3.5447  5.2647 -2.5928 16.6569 13.5740 11.9215 11.1802 10.8391
  15  0.141248  3.5512  5.2130 -2.4668 16.1282 13.1595 11.5484 10.8509 10.5321
  16  0.157397  3.5578  5.1724 -2.3529 15.6484 12.7798 11.2107 10.5516 10.2539
  17  0.172069  3.5634  5.1440 -2.2632 15.2682 12.4772 10.9453 10.3153 10.0346
  18  0.185435  3.5681  5.1213 -2.1895 14.9624 12.2306 10.7300 10.1216  9.8541
  19  0.199666  3.5723  5.0988 -2.1180 14.6775 11.9968 10.5254  9.9353  9.6789
  20  0.220152  3.5772  5.0699 -2.0270 14.3287 11.7058 10.2698  9.6995  9.4555
  21  0.244903  3.5822  5.0408 -1.9315 13.9697 11.4038 10.0047  9.4533  9.2211
  22  0.262809  3.5855  5.0231 -1.8699 13.7388 11.2093  9.8348  9.2950  9.0702
  23  0.276860  3.5879  5.0106 -1.8253 13.5719 11.0686  9.7121  9.1805  8.9609
  24  0.287867  3.5897  5.0011 -1.7916 13.4462 10.9626  9.6198  9.0942  8.8784
  25  0.297215  3.5912  4.9932 -1.7638 13.3427 10.8753  9.5441  9.0234  8.8106
  26  0.305466  3.5925  4.9868 -1.7404 13.2545 10.8013  9.4802  8.9637  8.7534
  27  0.311835  3.5935  4.9824 -1.7232 13.1905 10.7475  9.4337  8.9201  8.7117
  28  0.316744  3.5942  4.9793 -1.7105 13.1426 10.7073  9.3991  8.8878  8.6808
  29  0.320809  3.5948  4.9773 -1.7005 13.1035 10.6750  9.3716  8.8623  8.6565
  30  0.324260  3.5953  4.9751 -1.6916 13.0690 10.6465  9.3473  8.8396  8.6348
  31  0.327727  3.5959  4.9731 -1.6827 13.0344 10.6179  9.3230  8.8171  8.6134
  32  0.331185  3.5964  4.9708 -1.6736 12.9987 10.5884  9.2980  8.7938  8.5912
  33  0.335100  3.5971  4.9680 -1.6632 12.9584 10.5551  9.2697  8.7675  8.5660
  34  0.339588  3.5978  4.9645 -1.6511 12.9116 10.5164  9.2368  8.7368  8.5366
  35  0.344743  3.5986  4.9601 -1.6367 12.8564 10.4706  9.1979  8.7004  8.5018
  36  0.352109  3.5998  4.9531 -1.6157 12.7754 10.4035  9.1408  8.6470  8.4507
  37  0.383288  3.6069  4.9219 -1.5194 12.3725 10.0801  8.8744  8.4014  8.2175
  38  0.410943  3.6152  4.8918 -1.4257 11.9561  9.7509  8.6099  8.1601  7.9906
  39  0.424762  3.6202  4.8758 -1.3755 11.7281  9.5699  8.4658  8.0297  7.8688
  40  0.437098  3.6250  4.8611 -1.3291 11.5172  9.4017  8.3323  7.9094  7.7569
  41  0.448941  3.6298  4.8468 -1.2840 11.3121  9.2375  8.2020  7.7926  7.6488
  42  0.460602  3.6347  4.8323 -1.2389 11.1066  9.0731  8.0713  7.6760  7.5411
  43  0.471561  3.6395  4.8183 -1.1954 10.9040  8.9126  7.9443  7.5631  7.4372
  44  0.481824  3.6443  4.8054 -1.1538 10.7052  8.7577  7.8225  7.4553  7.3385
  45  0.491449  3.6492  4.7940 -1.1144 10.5103  8.6090  7.7068  7.3532  7.2453
  46  0.500403  3.6540  4.7839 -1.0774 10.3226  8.4682  7.5980  7.2576  7.1583
  47  0.508547  3.6587  4.7756 -1.0433 10.1448  8.3369  7.4972  7.1693  7.0784
  48  0.516103  3.6633  4.7683 -1.0110  9.9734  8.2122  7.4018  7.0860  7.0032
  49  0.523519  3.6681  4.7616 -0.9789  9.8005  8.0884  7.3072  7.0032  6.9286
  50  0.531149  3.6732  4.7549 -0.9457  9.6215  7.9619  7.2100  6.9178  6.8513
  51  0.539243  3.6787  4.7482 -0.9104  9.4337  7.8306  7.1082  6.8275  6.7692
  52  0.543740  3.6817  4.7445 -0.8908  9.3300  7.7585  7.0521  6.7777  6.7240
  53  0.548404  3.6849  4.7406 -0.8706  9.2223  7.6841  6.9943  6.7266  6.6778
  54  0.553240  3.6881  4.7365 -0.8498  9.1129  7.6080  6.9350  6.6742  6.6303
  55  0.558156  3.6915  4.7325 -0.8285  9.0037  7.5313  6.8748  6.6208  6.5819
  56  0.563110  3.6949  4.7286 -0.8071  8.8976  7.4554  6.8146  6.5671  6.5329
  57  0.568070  3.6983  4.7246 -0.7856  8.7927  7.3805  6.7547  6.5135  6.4839
  58  0.572992  3.7017  4.7206 -0.7642  8.6877  7.3070  6.6957  6.4605  6.4356
  59  0.577860  3.7051  4.7167 -0.7431  8.5840  7.2351  6.6379  6.4085  6.3880
  60  0.582652  3.7084  4.7127 -0.7223  8.4834  7.1653  6.5814  6.3577  6.3415
  61  0.587356  3.7116  4.7086 -0.7020  8.3869  7.0975  6.5264  6.3081  6.2960
  62  0.591966  3.7147  4.7044 -0.6820  8.2940  7.0319  6.4729  6.2598  6.2517
  63  0.596485  3.7177  4.7001 -0.6625  8.2051  6.9686  6.4209  6.2128  6.2084
  64  0.600906  3.7205  4.6957 -0.6434  8.1195  6.9073  6.3705  6.1671  6.1663
  65  0.605246  3.7233  4.6912 -0.6246  8.0371  6.8477  6.3213  6.1224  6.1250
  66  0.609516  3.7261  4.6867 -0.6062  7.9572  6.7895  6.2732  6.0787  6.0846
  67  0.613729  3.7287  4.6821 -0.5880  7.8799  6.7324  6.2259  6.0358  6.0449
  68  0.617878  3.7313  4.6774 -0.5700  7.8048  6.6766  6.1795  5.9936  6.0058
  69  0.621978  3.7338  4.6726 -0.5522  7.7316  6.6217  6.1338  5.9520  5.9673
  70  0.626027  3.7363  4.6677 -0.5345  7.6603  6.5678  6.0888  5.9110  5.9292
  71  0.630029  3.7387  4.6627 -0.5171  7.5910  6.5149  6.0445  5.8705  5.8916
  72  0.633979  3.7411  4.6576 -0.4999  7.5235  6.4629  6.0008  5.8306  5.8544
  73  0.637879  3.7434  4.6524 -0.4828  7.4579  6.4118  5.9577  5.7911  5.8177
  74  0.641733  3.7456  4.6470 -0.4659  7.3940  6.3615  5.9152  5.7522  5.7813
  75  0.645531  3.7478  4.6417 -0.4492  7.3314  6.3121  5.8734  5.7138  5.7455
  76  0.649275  3.7499  4.6361 -0.4327  7.2706  6.2635  5.8322  5.6759  5.7101
  77  0.652962  3.7520  4.6306 -0.4164  7.2112  6.2158  5.7916  5.6386  5.6751
  78  0.656595  3.7540  4.6248 -0.4002  7.1534  6.1688  5.7515  5.6017  5.6405
  79  0.660177  3.7559  4.6189 -0.3843  7.0971  6.1227  5.7120  5.5652  5.6062
  80  0.663700  3.7578  4.6130 -0.3685  7.0421  6.0773  5.6730  5.5291  5.5723
  81  0.667161  3.7596  4.6071 -0.3530  6.9886  6.0328  5.6347  5.4936  5.5388
  82  0.672077  3.7622  4.5983 -0.3308  6.9131  5.9693  5.5799  5.4428  5.4910
  83  0.676956  3.7647  4.5894 -0.3086  6.8390  5.9063  5.5253  5.3921  5.4432
  84  0.681786  3.7672  4.5802 -0.2865  6.7663  5.8437  5.4709  5.3416  5.3955
  85  0.686559  3.7696  4.5710 -0.2644  6.6947  5.7814  5.4167  5.2913  5.3480
  86  0.691267  3.7720  4.5616 -0.2424  6.6242  5.7197  5.3629  5.2413  5.3006
  87  0.695906  3.7744  4.5522 -0.2206  6.5548  5.6586  5.3094  5.1915  5.2535
  88  0.700468  3.7768  4.5428 -0.1989  6.4863  5.5979  5.2563  5.1421  5.2067
  89  0.704941  3.7791  4.5333 -0.1773  6.4189  5.5377  5.2036  5.0931  5.1604
  90  0.709319  3.7814  4.5238 -0.1559  6.3528  5.4782  5.1515  5.0445  5.1144
  91  0.713604  3.7837  4.5142 -0.1346  6.2879  5.4191  5.0997  4.9962  5.0687
  92  0.717797  3.7859  4.5045 -0.1135  6.2244  5.3607  5.0482  4.9481  5.0231
  93  0.721899  3.7881  4.4945 -0.0925  6.1624  5.3027  4.9970  4.9003  4.9777
  94  0.725907  3.7901  4.4844 -0.0716  6.1015  5.2452  4.9460  4.8526  4.9324
  95  0.729825  3.7922  4.4740 -0.0508  6.0416  5.1882  4.8953  4.8050  4.8871
  96  0.733652  3.7941  4.4634 -0.0301  5.9826  5.1316  4.8447  4.7575  4.8418
  97  0.737389  3.7960  4.4526 -0.0095  5.9244  5.0754  4.7943  4.7101  4.7966
  98  0.741036  3.7979  4.4415  0.0111  5.8669  5.0195  4.7442  4.6628  4.7514
  99  0.744595  3.7996  4.4301  0.0315  5.8099  4.9639  4.6944  4.6159  4.7065
 100  0.748067  3.8013  4.4185  0.0519  5.7531  4.9086  4.6450  4.5693  4.6620
 101  0.751451  3.8029  4.4066  0.0723  5.6970  4.8535  4.5957  4.5229  4.6174
 102  0.754741  3.8044  4.3944  0.0925  5.6418  4.7989  4.5465  4.4764  4.5728
 103  0.757936  3.8059  4.3821  0.1126  5.5876  4.7446  4.4975  4.4298  4.5280
 104  0.761035  3.8073  4.3694  0.1326  5.5349  4.6910  4.4483  4.3829  4.4828
 105  0.764046  3.8087  4.3566  0.1525  5.4832  4.6379  4.3992  4.3360  4.4375
 106  0.766973  3.8099  4.3436  0.1722  5.4323  4.5854  4.3504  4.2892  4.3922
 107  0.769819  3.8111  4.3303  0.1918  5.3822  4.5333  4.3019  4.2426  4.3470
 108  0.772593  3.8122  4.3169  0.2112  5.3328  4.4818  4.2537  4.1962  4.3019
 109  0.775301  3.8132  4.3033  0.2305  5.2841  4.4308  4.2060  4.1502  4.2572
 110  0.777952  3.8142  4.2894  0.2496  5.2360  4.3802  4.1588  4.1046  4.2127
 111  0.780516  3.8151  4.2756  0.2686  5.1886  4.3302  4.1120  4.0594  4.1687
 112  0.781265  3.8154  4.2715  0.2743  5.1741  4.3149  4.0978  4.0458  4.1555
 113  0.782012  3.8158  4.2675  0.2801  5.1595  4.2994  4.0835  4.0321  4.1422
 114  0.782757  3.8161  4.2634  0.2860  5.1448  4.2838  4.0692  4.0183  4.1289
 115  0.783501  3.8165  4.2594  0.2919  5.1300  4.2680  4.0547  4.0045  4.1154
 116  0.784243  3.8168  4.2553  0.2978  5.1151  4.2522  4.0401  3.9906  4.1020
 117  0.784984  3.8172  4.2511  0.3038  5.1001  4.2362  4.0254  3.9765  4.0883
 118  0.785722  3.8175  4.2468  0.3098  5.0850  4.2202  4.0105  3.9621  4.0743
 119  0.786457  3.8178  4.2422  0.3159  5.0699  4.2040  3.9955  3.9476  4.0602
 120  0.787188  3.8180  4.2374  0.3221  5.0547  4.1878  3.9802  3.9328  4.0457
 121  0.787915  3.8182  4.2324  0.3283  5.0394  4.1715  3.9647  3.9177  4.0309
 122  0.788638  3.8184  4.2273  0.3346  5.0239  4.1550  3.9490  3.9024  4.0158
 123  0.789358  3.8186  4.2220  0.3410  5.0084  4.1385  3.9332  3.8869  4.0005
 124  0.790074  3.8187  4.2165  0.3474  4.9928  4.1218  3.9171  3.8712  3.9850
 125  0.790786  3.8189  4.2109  0.3539  4.9770  4.1050  3.9009  3.8552  3.9692
 126  0.791495  3.8190  4.2053  0.3605  4.9611  4.0880  3.8846  3.8392  3.9533
 127  0.792201  3.8191  4.1994  0.3671  4.9451  4.0710  3.8681  3.8229  3.9372
 128  0.792904  3.8192  4.1935  0.3738  4.9291  4.0539  3.8514  3.8065  3.9209
 129  0.793603  3.8192  4.1874  0.3805  4.9129  4.0367  3.8346  3.7898  3.9044
 130  0.794299  3.8193  4.1812  0.3872  4.8967  4.0194  3.8177  3.7731  3.8877
 131  0.794991  3.8193  4.1749  0.3940  4.8804  4.0020  3.8006  3.7561  3.8707
 132  0.795679  3.8193  4.1684  0.4009  4.8640  3.9846  3.7833  3.7389  3.8536
 133  0.796361  3.8192  4.1615  0.4078  4.8475  3.9671  3.7659  3.7214  3.8360
 134  0.797038  3.8191  4.1545  0.4148  4.8309  3.9495  3.7482  3.7037  3.8182
 135  0.797710  3.8190  4.1473  0.4219  4.8142  3.9318  3.7303  3.6857  3.8001
 136  0.798376  3.8189  4.1399  0.4290  4.7974  3.9141  3.7123  3.6675  3.7817
 137  0.799037  3.8187  4.1323  0.4362  4.7805  3.8963  3.6941  3.6490  3.7630
 138  0.799691  3.8184  4.1245  0.4434  4.7636  3.8784  3.6756  3.6303  3.7440
 139  0.800338  3.8181  4.1164  0.4507  4.7465  3.8605  3.6570  3.6113  3.7247
 140  0.800979  3.8178  4.1081  0.4581  4.7294  3.8425  3.6382  3.5920  3.7051
 141  0.801612  3.8174  4.0995  0.4655  4.7121  3.8245  3.6191  3.5724  3.6850
 142  0.802237  3.8170  4.0907  0.4730  4.6948  3.8065  3.5998  3.5525  3.6646
 143  0.802853  3.8165  4.0815  0.4806  4.6775  3.7884  3.5803  3.5323  3.6438
 144  0.803460  3.8160  4.0721  0.4882  4.6600  3.7704  3.5606  3.5117  3.6227
 145  0.804059  3.8154  4.0624  0.4959  4.6426  3.7524  3.5407  3.4908  3.6011
 146  0.804646  3.8147  4.0522  0.5036  4.6251  3.7344  3.5205  3.4696  3.5790
 147  0.805224  3.8140  4.0418  0.5114  4.6077  3.7164  3.5002  3.4481  3.5566
 148  0.805791  3.8131  4.0309  0.5192  4.5903  3.6986  3.4796  3.4262  3.5337
 149  0.806346  3.8122  4.0197  0.5271  4.5732  3.6808  3.4591  3.4043  3.5108
 150  0.806890  3.8112  4.0079  0.5350  4.5564  3.6631  3.4386  3.3822  3.4875
 151  0.807422  3.8101  3.9958  0.5430  4.5398  3.6455  3.4180  3.3600  3.4640
 152  0.807940  3.8088  3.9830  0.5510  4.5236  3.6281  3.3974  3.3375  3.4401
 153  0.808445  3.8074  3.9697  0.5591  4.5078  3.6110  3.3767  3.3148  3.4158
 154  0.808937  3.8059  3.9559  0.5671  4.4923  3.5941  3.3560  3.2919  3.3912
 155  0.809415  3.8043  3.9415  0.5752  4.4770  3.5776  3.3351  3.2686  3.3659
 156  0.809879  3.8025  3.9265  0.5833  4.4621  3.5615  3.3142  3.2451  3.3403
 157  0.810329  3.8006  3.9110  0.5914  4.4478  3.5457  3.2932  3.2213  3.3143
 158  0.810767  3.7986  3.8949  0.5995  4.4342  3.5303  3.2723  3.1973  3.2879
 159  0.811191  3.7963  3.8783  0.6076  4.4214  3.5153  3.2513  3.1730  3.2611
 160  0.811604  3.7940  3.8610  0.6157  4.4095  3.5008  3.2303  3.1486  3.2339
 161  0.812003  3.7914  3.8428  0.6237  4.3989  3.4874  3.2094  3.1236  3.2059
 162  0.812333  3.7880  3.8228  0.6304  4.3950  3.4798  3.1912  3.1000  3.1783
 163  0.812659  3.7843  3.8012  0.6371  4.3936  3.4734  3.1729  3.0758  3.1497
 164  0.812983  3.7801  3.7781  0.6438  4.3953  3.4679  3.1552  3.0517  3.1208
 165  0.813307  3.7761  3.7554  0.6505  4.3995  3.4630  3.1370  3.0269  3.0912
 166  0.813633  3.7727  3.7352  0.6575  4.4015  3.4563  3.1185  3.0026  3.0627
 167  0.813957  3.7696  3.7159  0.6646  4.4014  3.4481  3.1001  2.9791  3.0356
 168  0.814276  3.7665  3.6962  0.6718  4.4010  3.4393  3.0817  2.9560  3.0089
 169  0.814591  3.7634  3.6764  0.6793  4.4005  3.4298  3.0627  2.9323  2.9818
 170  0.814900  3.7605  3.6570  0.6873  4.3992  3.4190  3.0427  2.9078  2.9539
 171  0.815198  3.7577  3.6376  0.6958  4.3965  3.4067  3.0216  2.8823  2.9252
 172  0.815482  3.7551  3.6183  0.7049  4.3919  3.3925  2.9991  2.8558  2.8956
 173  0.815750  3.7528  3.5993  0.7146  4.3850  3.3762  2.9753  2.8282  2.8652
 174  0.816002  3.7507  3.5809  0.7249  4.3752  3.3577  2.9501  2.7997  2.8343
 175  0.816238  3.7488  3.5630  0.7355  4.3628  3.3374  2.9238  2.7707  2.8030
 176  0.816461  3.7472  3.5456  0.7465  4.3482  3.3155  2.8968  2.7411  2.7715
 177  0.816672  3.7458  3.5288  0.7578  4.3315  3.2922  2.8690  2.7112  2.7399
 178  0.816873  3.7445  3.5123  0.7693  4.3134  3.2681  2.8408  2.6811  2.7083
 179  0.817067  3.7434  3.4964  0.7809  4.2940  3.2431  2.8122  2.6507  2.6767
 180  0.817254  3.7424  3.4806  0.7926  4.2739  3.2177  2.7833  2.6202  2.6449
 181  0.817436  3.7414  3.4650  0.8043  4.2531  3.1918  2.7542  2.5895  2.6131
 182  0.817643  3.7404  3.4473  0.8182  4.2277  3.1611  2.7201  2.5537  2.5761
 183  0.817848  3.7395  3.4296  0.8323  4.2014  3.1296  2.6852  2.5172  2.5383
 184  0.818051  3.7386  3.4119  0.8466  4.1739  3.0972  2.6496  2.4801  2.5001
 185  0.818254  3.7378  3.3942  0.8612  4.1454  3.0641  2.6135  2.4426  2.4616
 186  0.818455  3.7371  3.3767  0.8759  4.1160  3.0303  2.5771  2.4049  2.4229
 187  0.818656  3.7364  3.3592  0.8908  4.0857  2.9959  2.5403  2.3668  2.3840
 188  0.818856  3.7357  3.3417  0.9058  4.0549  2.9612  2.5031  2.3286  2.3449
 189  0.819055  3.7351  3.3241  0.9209  4.0236  2.9260  2.4657  2.2901  2.3056
 190  0.819253  3.7345  3.3066  0.9361  3.9917  2.8904  2.4280  2.2514  2.2662
 191  0.819451  3.7339  3.2892  0.9514  3.9594  2.8545  2.3902  2.2126  2.2266
 192  0.819649  3.7334  3.2718  0.9668  3.9265  2.8182  2.3521  2.1736  2.1870
 193  0.819845  3.7329  3.2542  0.9823  3.8932  2.7815  2.3136  2.1342  2.1470
 194  0.820040  3.7323  3.2366  0.9980  3.8594  2.7444  2.2748  2.0946  2.1067
 195  0.820235  3.7318  3.2188  1.0138  3.8249  2.7067  2.2356  2.0546  2.0661
 196  0.820427  3.7313  3.2009  1.0299  3.7900  2.6684  2.1958  2.0141  2.0249
 197  0.820618  3.7308  3.1827  1.0461  3.7546  2.6298  2.1556  1.9731  1.9833
 198  0.820809  3.7304  3.1647  1.0624  3.7187  2.5908  2.1152  1.9320  1.9417
 199  0.820995  3.7299  3.1461  1.0793  3.6813  2.5503  2.0734  1.8895  1.8986
 200  0.821177  3.7294  3.1268  1.0967  3.6430  2.5086  2.0302  1.8456  1.8541
 201  0.821354  3.7289  3.1069  1.1147  3.6035  2.4657  1.9858  1.8005  1.8083
 202  0.821525  3.7284  3.0864  1.1332  3.5627  2.4214  1.9400  1.7539  1.7611
 203  0.821690  3.7278  3.0651  1.1522  3.5216  2.3763  1.8930  1.7060  1.7124
 204  0.821851  3.7274  3.0439  1.1717  3.4779  2.3293  1.8447  1.6570  1.6629
 205  0.822008  3.7268  3.0220  1.1915  3.4343  2.2819  1.7957  1.6072  1.6124
 206  0.822160  3.7263  2.9997  1.2117  3.3901  2.2337  1.7458  1.5565  1.5610
 207  0.822308  3.7256  2.9767  1.2322  3.3457  2.1850  1.6951  1.5048  1.5085
 208  0.822452  3.7250  2.9534  1.2530  3.3009  2.1357  1.6438  1.4524  1.4553
 209  0.822591  3.7243  2.9296  1.2742  3.2557  2.0857  1.5916  1.3993  1.4013
 210  0.822726  3.7236  2.9056  1.2956  3.2101  2.0352  1.5388  1.3453  1.3465
 211  0.822858  3.7229  2.8812  1.3172  3.1641  1.9841  1.4854  1.2908  1.2910
 212  0.822984  3.7222  2.8564  1.3391  3.1179  1.9325  1.4313  1.2355  1.2347
 213  0.823107  3.7215  2.8315  1.3613  3.0713  1.8804  1.3766  1.1796  1.1779
 214  0.823226  3.7207  2.8061  1.3837  3.0246  1.8280  1.3214  1.1231  1.1204
 215  0.823341  3.7200  2.7806  1.4063  2.9775  1.7750  1.2656  1.0660  1.0623
 216  0.823451  3.7192  2.7548  1.4291  2.9302  1.7217  1.2094  1.0083  1.0037
 217  0.823472  3.7191  2.7497  1.4335  2.9210  1.7113  1.1983  0.9970  0.9922
 218  0.823494  3.7189  2.7445  1.4380  2.9121  1.7011  1.1874  0.9857  0.9806
 219  0.823515  3.7187  2.7393  1.4425  2.9031  1.6907  1.1763  0.9744  0.9690
 220  0.823536  3.7185  2.7342  1.4470  2.8938  1.6802  1.1651  0.9629  0.9573
 221  0.823556  3.7184  2.7289  1.4516  2.8848  1.6697  1.1540  0.9514  0.9456
 222  0.823577  3.7181  2.7235  1.4561  2.8762  1.6595  1.1428  0.9399  0.9338
 223  0.823598  3.7180  2.7183  1.4607  2.8667  1.6488  1.1315  0.9283  0.9220
 224  0.823618  3.7179  2.7133  1.4653  2.8567  1.6378  1.1200  0.9166  0.9102
 225  0.823639  3.7178  2.7082  1.4700  2.8465  1.6267  1.1085  0.9049  0.8983
 226  0.823659  3.7176  2.7030  1.4746  2.8369  1.6158  1.0971  0.8932  0.8864
 227  0.823846  3.7161  2.6519  1.5195  2.7456  1.5117  0.9863  0.7795  0.7706
 228  0.824013  3.7145  2.6018  1.5633  2.6572  1.4104  0.8786  0.6688  0.6578
 229  0.824167  3.7129  2.5520  1.6070  2.5690  1.3093  0.7711  0.5585  0.5454
 230  0.824312  3.7113  2.5009  1.6518  2.4791  1.2059  0.6611  0.4455  0.4302
 231  0.824445  3.7096  2.4493  1.6964  2.3920  1.1041  0.5521  0.3333  0.3155
 232  0.824565  3.7078  2.3984  1.7402  2.3076  1.0045  0.4452  0.2231  0.2029
 233  0.824674  3.7059  2.3478  1.7835  2.2270  0.9071  0.3400  0.1144  0.0916
 234  0.824775  3.7041  2.2972  1.8268  2.1459  0.8093  0.2344  0.0053 -0.0200
 235  0.824869  3.7022  2.2464  1.8702  2.0655  0.7118  0.1290 -0.1036 -0.1315
 236  0.824953  3.7004  2.1972  1.9122  1.9885  0.6181  0.0273 -0.2088 -0.2394
 237  0.825031  3.6986  2.1480  1.9541  1.9117  0.5251 -0.0740 -0.3137 -0.3470
 238  0.825102  3.6968  2.1000  1.9949  1.8358  0.4355 -0.1721 -0.4155 -0.4516
 239  0.825168  3.6949  2.0525  2.0351  1.7615  0.3475 -0.2687 -0.5159 -0.5549
 240  0.825228  3.6932  2.0092  2.0717  1.6948  0.2679 -0.3566 -0.6072 -0.6490
 241  0.825284  3.6918  1.9744  2.1009  1.6433  0.2052 -0.4264 -0.6801 -0.7241
 242  0.825338  3.6916  1.9656  2.1088  1.6274  0.1870 -0.4457 -0.6999 -0.7443
 243  0.825394  3.6917  1.9628  2.1120  1.6187  0.1785 -0.4540 -0.7079 -0.7522
 244  0.825452  3.6896  1.9137  2.1528  1.5505  0.0918 -0.5514 -0.8098 -0.8574
 245  0.825504  3.6871  1.8578  2.1987  1.4812 -0.0041 -0.6604 -0.9244 -0.9758
 246  0.825551  3.6846  1.8033  2.2434  1.4174 -0.0964 -0.7662 -1.0357 -1.0909
 247  0.825593  3.6822  1.7501  2.2867  1.3586 -0.1851 -0.8684 -1.1435 -1.2025
 248  0.825631  3.6798  1.6978  2.3294  1.3021 -0.2715 -0.9686 -1.2494 -1.3121
 249  0.825666  3.6774  1.6469  2.3708  1.2486 -0.3548 -1.0657 -1.3521 -1.4186
 250  0.825698  3.6750  1.5969  2.4114  1.1984 -0.4355 -1.1604 -1.4525 -1.5228
 251  0.825727  3.6728  1.5482  2.4510  1.1511 -0.5136 -1.2524 -1.5502 -1.6242
 252  0.825753  3.6705  1.5009  2.4894  1.1074 -0.5886 -1.3413 -1.6447 -1.7225
 253  0.825778  3.6682  1.4533  2.5277  1.0672 -0.6621 -1.4293 -1.7387 -1.8204
 254  0.825800  3.6659  1.4073  2.5646  1.0307 -0.7320 -1.5136 -1.8288 -1.9145
 255  0.825821  3.6637  1.3616  2.6013  0.9964 -0.8008 -1.5971 -1.9183 -2.0079
 256  0.825840  3.6615  1.3170  2.6371  0.9650 -0.8670 -1.6781 -2.0053 -2.0988
 257  0.825857  3.6593  1.2736  2.6719  0.9365 -0.9308 -1.7566 -2.0897 -2.1871
 258  0.825873  3.6572  1.2310  2.7060  0.9103 -0.9926 -1.8333 -2.1725 -2.2737
 259  0.825888  3.6551  1.1893  2.7395  0.8870 -1.0522 -1.9078 -2.2531 -2.3583
 260  0.825902  3.6531  1.1480  2.7726  0.8660 -1.1103 -1.9812 -2.3327 -2.4418
 261  0.825914  3.6510  1.1080  2.8044  0.8485 -1.1651 -2.0512 -2.4089 -2.5219
 262  0.825926  3.6490  1.0684  2.8360  0.8337 -1.2184 -2.1202 -2.4842 -2.6012
 263  0.825938  3.6470  1.0296  2.8667  0.8219 -1.2693 -2.1869 -2.5572 -2.6783
 264  0.825948  3.6450  0.9913  2.8970  0.8135 -1.3180 -2.2520 -2.6289 -2.7541
 265  0.825958  3.6429  0.9534  2.9265  0.8093 -1.3638 -2.3148 -2.6985 -2.8278
 266  0.825967  3.6408  0.9160  2.9556  0.8082 -1.4077 -2.3760 -2.7665 -2.9002
 267  0.825975  3.6387  0.8794  2.9838  0.8100 -1.4491 -2.4349 -2.8324 -2.9705
 268  0.825983  3.6366  0.8431  3.0117  0.8145 -1.4890 -2.4927 -2.8973 -3.0398
 269  0.825990  3.6345  0.8076  3.0389  0.8218 -1.5266 -2.5483 -2.9601 -3.1071
 270  0.825997  3.6325  0.7726  3.0655  0.8311 -1.5625 -2.6024 -3.0215 -3.1731
 271  0.826004  3.6304  0.7381  3.0919  0.8420 -1.5973 -2.6553 -3.0817 -3.2379
 272  0.826010  3.6284  0.7045  3.1174  0.8544 -1.6302 -2.7060 -3.1398 -3.3005
 273  0.826016  3.6264  0.6714  3.1425  0.8682 -1.6618 -2.7555 -3.1967 -3.3619
 274  0.826022  3.6244  0.6389  3.1671  0.8840 -1.6916 -2.8033 -3.2519 -3.4217
 275  0.826027  3.6225  0.6073  3.1912  0.9009 -1.7200 -2.8496 -3.3056 -3.4800
 276  0.826032  3.6207  0.5766  3.2145  0.9197 -1.7463 -2.8939 -3.3573 -3.5363
 277  0.826036  3.6189  0.5464  3.2373  0.9398 -1.7712 -2.9370 -3.4078 -3.5914
 278  0.826041  3.6172  0.5177  3.2592  0.9597 -1.7945 -2.9781 -3.4561 -3.6442
 279  0.826045  3.6157  0.4923  3.2788  0.9772 -1.8153 -3.0148 -3.4993 -3.6913